(0), 1, 4, 5, 6, 7, 10, 11, 12, 15, 16, 19, (22)
(0), 1, 4, 5, 6, 7, 10,     12, 15, 16, 19, (22)
(0), 1, 4, 5,    7, 10, 11, 12, 15, 16, 19, (22)
(0), 1, 4, 5,    7, 10,     12, 15, 16, 19, (22)
(0), 1, 4,    6, 7, 10, 11, 12, 15, 16, 19, (22)
(0), 1, 4,    6, 7, 10,     12, 15, 16, 19, (22)
(0), 1, 4,       7, 10, 11, 12, 15, 16, 19, (22)
(0), 1, 4,       7, 10,     12, 15, 16, 19, (22)

[1 6 7 12 15 16 19 22]
0 1 4 5 6 7 10 11 12 15 16 19 22

[4]
0 1 4   6 7 10 11 12 15 16 19 22
0 1 4     7 10 11 12 15 16 19 22

[5]
0 1 4 5   7 10 11 12 15 16 19 22

[10]
0 1 4 5 6 7 10    12 15 16 19 22
0 1 4   6 7 10    12 15 16 19 22
0 1 4     7 10    12 15 16 19 22
0 1 4 5   7 10    12 15 16 19 22





(0), 1, 2, 3, 4, 7, 8, 9, 10, 11, 14, 17, 18, 19, 20, 23, 24, 25, 28, 31, 32, 33, 34, 35, 38, 39, 42, 45, 46, 47, 48, 49, (52)

(0), 1, 2, 3, 4, 7, 8, 9, 10, 11, 14, 17, 18, 19, 20, 23, 24, 25, 28, 31, 32, 33, 34, 35, 38, 39, 42, 45, 46, 47,     49, (52)

(0), 1, 2, 3, 4, 7, 8, 9, 10, 11, 14, 17, 18, 19, 20, 23, 24, 25, 28, 31, 32, 33, 34, 35, 38, 39, 42, 45, 46,     48, 49, (52)

(0), 1, 2, 3, 4, 7, 8, 9, 10, 11, 14, 17, 18, 19, 20, 23, 24, 25, 28, 31, 32, 33, 34, 35, 38, 39, 42, 45, 46,         49, (52)

(0), 1, 2, 3, 4, 7, 8, 9, 10, 11, 14, 17, 18, 19, 20, 23, 24, 25, 28, 31, 32, 33, 34, 35, 38, 39, 42, 45,     47, 48, 49, (52)

(0),       3, 4, 7,       10, 11, 14, 17,         20, 23,     25, 28, 31,         34, 35, 38, 39, 42, 45, 46,     48, 49, (52)

(0),       3, 4, 7,       10, 11, 14, 17,         20, 23,     25, 28, 31,         34, 35, 38, 39, 42, 45, 46,         49, (52)

(0),       3, 4, 7,       10, 11, 14, 17,         20, 23,     25, 28, 31,         34, 35, 38, 39, 42, 45,     47, 48, 49, (52)

(0),       3, 4, 7,       10, 11, 14, 17,         20, 23,     25, 28, 31,         34, 35, 38, 39, 42, 45,     47,     49, (52)

(0),       3, 4, 7,       10, 11, 14, 17,         20, 23,     25, 28, 31,         34, 35, 38, 39, 42, 45,         48, 49, (52)